start training tokenizer...
X_test_tokens:  {
        'input_ids': tensor([[  101,  2204,  2851,  1056,  9148,  4779,  2860,  6904,  2213,  2039,
          2220,  3407,  2023,  2003,  2026,  2197,  5353,  2004,  1037,  3153,
        3
        32
        332
         20565,  2127, 17419,  2019, 24140, 25521,  2003,  1016,  5302, 28597,
          2600,  2019,  6906,   102],
        [  101,  2026,  3480,  2074,  2318,  2153,  2503,  3241,  2055,  2673,
          3084,  2033, 14071,  6583,  2175,  6315,  2099,   102,     0,     0,
             0,     0,     0,     0,     0,     0,     0,     0,     0,     0,
             0,     0,     0,     0]]), 
        'token_type_ids': tensor([[0, 0, 0, 0, 0, 0, 0, 0, 0, 0, 0, 0, 0, 0, 0, 0, 0, 0, 0, 0, 0, 0, 0, 0,
         0, 0, 0, 0, 0, 0, 0, 0, 0, 0],
        [0, 0, 0, 0, 0, 0, 0, 0, 0, 0, 0, 0, 0, 0, 0, 0, 0, 0, 0, 0, 0, 0, 0, 0,
         0, 0, 0, 0, 0, 0, 0, 0, 0, 0]]), 
         'attention_mask': tensor([[1, 1, 1, 1, 1, 1, 1, 1, 1, 1, 1, 1, 1, 1, 1, 1, 1, 1, 1, 1, 1, 1, 1, 1,
         1, 1, 1, 1, 1, 1, 1, 1, 1, 1],
        [1, 1, 1, 1, 1, 1, 1, 1, 1, 1, 1, 1, 1, 1, 1, 1, 1, 1, 0, 0, 0, 0, 0, 0,
         0, 0, 0, 0, 0, 0, 0, 0, 0, 0]])}
start trianing classifier...
